{
  "all": {
    "tot_start_points": 25,
    "tot_changed_nodes": 8,
    "average_shrinkage": 0.3190982954897273,
    "maximum_shrinkage": 1.0,
    "minimum_shrink": 0.0
  }
}

const_starts__81 = [0. 0.]

ConstantFolding/div_8_recip:0 = 0.07899895310401917

G_matmul_1/read:0 = 15.976432800292969

const_fold_opt__115 = 128.0

-50.0 <= labels:0 <= 50.0

clip_by_value/y:0 = -1.0

-0.09986000168698939 <= w1/read:0 <= -0.0009341593480374499

-0.18785510630681806 <= features:0 <= 0.18785510630681806

const_fold_opt__119 = 10.0

softmax_cross_entropy_with_logits_sg/Reshape_shape__124 = [-1. 10.]

-0.2374529612982371 <= bout/read:0 <= -0.20631077161191916

ConstantFolding/div_2_recip:0 = 0.06259219348430634

G_matmul_2/read:0 = 12.658395767211914

const_ends__54 = [1.00000000e+00 2.14748365e+09]

Sum:0 = 625.2646783447266

-0.18785510630681806 <= div:0 <= 0.18785510630681806

const_axes__104 = -1.0

-0.14986296774725888 <= b1/read:0 <= -0.09014085648674991

clip_by_value/Minimum/y:0 = 1.0

0.0024402596158814363 <= wout/read:0 <= 0.08535338074913096

const_axes__55 = [0. 1.]

Sum_2:0 = 61.186073303222656

const_axes__22 = 0.0

const_ends__13 = 1.0

Sum_1:0 = 111.04678344726562

==========initial bounds==========

const_starts__81 = [0. 0.]

ConstantFolding/div_8_recip:0 = 0.07899895310401917

G_matmul_1/read:0 = 15.976432800292969

const_fold_opt__115 = 128.0

-50.0 <= labels:0 <= 50.0

clip_by_value/y:0 = -1.0

-13.50094747543335 <= w1/read:0 <= 12.829410076141357

-50.0 <= features:0 <= 50.0

const_fold_opt__119 = 10.0

softmax_cross_entropy_with_logits_sg/Reshape_shape__124 = [-1. 10.]

-4.3663246631622314 <= bout/read:0 <= 3.922560930252075

ConstantFolding/div_2_recip:0 = 0.06259219348430634

G_matmul_2/read:0 = 12.658395767211914

const_ends__54 = [1.00000000e+00 2.14748365e+09]

496.58282470703125 <= Sum:0 <= 771.9317016601562

-50.0 <= div:0 <= 50.0

const_axes__104 = -1.0

-8.06789755821228 <= b1/read:0 <= 7.8278937339782715

clip_by_value/Minimum/y:0 = 1.0

-10.588428497314453 <= wout/read:0 <= 11.479941844940186

const_axes__55 = [0. 1.]

Sum_2:0 = 61.186073303222656

const_axes__22 = 0.0

const_ends__13 = 1.0

86.21154022216797 <= Sum_1:0 <= 123.38531494140625

