{
  "all": {
    "tot_start_points": 25,
    "tot_changed_nodes": 8,
    "average_shrinkage": 0.3189981060996969,
    "maximum_shrinkage": 1.0,
    "minimum_shrink": 0.0
  }
}

const_axes__106 = -1.0

-50.0 <= labels:0 <= 50.0

const_starts__83 = [0. 0.]

Sum_2:0 = 60.62297439575195

0.0011870559083827226 <= w1/read:0 <= 0.10815491708312984

const_axes__85 = [0. 1.]

ConstantFolding/div_9_recip:0 = 0.07715266197919846

const_fold_opt__119 = 10.0

softmax_cross_entropy_with_logits_sg/Reshape_1_shape__125 = [-1. 10.]

Sum:0 = 612.5420141784668

Sum_1:0 = 113.20215119659424

clip_by_value_2/y:0 = -1.0

const_axes__28 = 0.0

const_fold_opt__124 = 128.0

0.056147972878788865 <= b1/read:0 <= 0.1182401973635207

-0.2087278958964645 <= div_1:0 <= 0.2087278958964645

G_matmul_2/read:0 = 12.961315155029297

const_ends__56 = [1.00000000e+00 2.14748365e+09]

-0.2087278958964645 <= features:0 <= 0.2087278958964645

const_ends__33 = 1.0

G_matmul_1/read:0 = 6.112512588500977

-0.07903237336444346 <= wout/read:0 <= -0.0002768798312427975

ConstantFolding/div_3_recip:0 = 0.16359885036945343

clip_by_value_2/Minimum/y:0 = 1.0

0.12913102281400954 <= bout/read:0 <= 0.18049114572694505

==========initial bounds==========

const_axes__106 = -1.0

-50.0 <= labels:0 <= 50.0

const_starts__83 = [0. 0.]

Sum_2:0 = 60.62297439575195

-12.637662410736084 <= w1/read:0 <= 12.986095428466797

const_axes__85 = [0. 1.]

ConstantFolding/div_9_recip:0 = 0.07715266197919846

const_fold_opt__119 = 10.0

softmax_cross_entropy_with_logits_sg/Reshape_1_shape__125 = [-1. 10.]

497.2081298828125 <= Sum:0 <= 763.8633422851562

60.16966247558594 <= Sum_1:0 <= 128.33401489257812

clip_by_value_2/y:0 = -1.0

const_axes__28 = 0.0

const_fold_opt__124 = 128.0

-7.349787950515747 <= b1/read:0 <= 7.524176120758057

-50.0 <= div_1:0 <= 50.0

G_matmul_2/read:0 = 12.961315155029297

const_ends__56 = [1.00000000e+00 2.14748365e+09]

-50.0 <= features:0 <= 50.0

const_ends__33 = 1.0

G_matmul_1/read:0 = 6.112512588500977

-9.588800430297852 <= wout/read:0 <= 9.276788473129272

ConstantFolding/div_3_recip:0 = 0.16359885036945343

clip_by_value_2/Minimum/y:0 = 1.0

-5.996753215789795 <= bout/read:0 <= 6.3063753843307495

