{
  "all": {
    "tot_start_points": 25,
    "tot_changed_nodes": 8,
    "average_shrinkage": 0.3190982954897273,
    "maximum_shrinkage": 1.0,
    "minimum_shrink": 0.0
  }
}

-0.08102407710558315 <= wout/read:0 <= -0.0035233653275003954

G_matmul_1/read:0 = 5.384328842163086

clip_by_value_2/y:0 = -1.0

Sum_2:0 = 61.24787139892578

-0.18785510630681806 <= features:0 <= 0.18785510630681806

-0.18785510630681806 <= div_1:0 <= 0.18785510630681806

const_axes__106 = -1.0

const_ends__63 = 1.0

Sum_1:0 = 121.00947613652802

const_starts__83 = [0. 0.]

const_fold_opt__119 = 10.0

ConstantFolding/div_3_recip:0 = 0.1857241690158844

-0.16021755717513417 <= b1/read:0 <= -0.10483380772354747

ConstantFolding/div_9_recip:0 = 0.09148554503917694

-0.6106523019055965 <= bout/read:0 <= -0.544195081593549

const_fold_opt__117 = 0.0

clip_by_value_3/Minimum/y:0 = 1.0

Sum:0 = 742.0933227539062

const_ends__84 = [1.00000000e+00 2.14748365e+09]

const_axes__57 = [0. 1.]

0.001957852772168256 <= w1/read:0 <= 0.10450979907185641

softmax_cross_entropy_with_logits_sg/Reshape_1_shape__125 = [-1. 10.]

const_fold_opt__124 = 128.0

-50.0 <= labels:0 <= 50.0

G_matmul_2/read:0 = 10.930688858032227

==========initial bounds==========

-10.843863487243652 <= wout/read:0 <= 9.783926010131836

G_matmul_1/read:0 = 5.384328842163086

clip_by_value_2/y:0 = -1.0

Sum_2:0 = 61.24787139892578

-50.0 <= features:0 <= 50.0

-50.0 <= div_1:0 <= 50.0

const_axes__106 = -1.0

const_ends__63 = 1.0

50.92799377441406 <= Sum_1:0 <= 152.42772674560547

const_starts__83 = [0. 0.]

const_fold_opt__119 = 10.0

ConstantFolding/div_3_recip:0 = 0.1857241690158844

-7.503066539764404 <= b1/read:0 <= 7.238015174865723

ConstantFolding/div_9_recip:0 = 0.09148554503917694

-9.42163634300232 <= bout/read:0 <= 8.266788959503174

const_fold_opt__117 = 0.0

clip_by_value_3/Minimum/y:0 = 1.0

517.3438110351562 <= Sum:0 <= 742.0933227539062

const_ends__84 = [1.00000000e+00 2.14748365e+09]

const_axes__57 = [0. 1.]

-13.574722290039062 <= w1/read:0 <= 13.720768451690674

softmax_cross_entropy_with_logits_sg/Reshape_1_shape__125 = [-1. 10.]

const_fold_opt__124 = 128.0

-50.0 <= labels:0 <= 50.0

G_matmul_2/read:0 = 10.930688858032227

