{
  "all": {
    "tot_start_points": 25,
    "tot_changed_nodes": 7,
    "average_shrinkage": 0.27987468425035644,
    "maximum_shrinkage": 1.0,
    "minimum_shrink": 0.0
  }
}

const_starts__83 = [0. 0.]

const_axes__57 = [0. 1.]

ConstantFolding/div_9_recip:0 = 0.09148554503917694

const_fold_opt__124 = 128.0

clip_by_value_3/Minimum/y:0 = 1.0

G_matmul_2/read:0 = 10.930688858032227

Sum_2:0 = 61.24787139892578

ConstantFolding/div_3_recip:0 = 0.1857241690158844

Sum_1:0 = 77.81437037904183

const_fold_opt__119 = 10.0

-0.01313333872657995 <= wout/read:0 <= -0.00020840420481419916

-0.031328937410889844 <= div_1:0 <= 0.031328937410889844

clip_by_value_2/y:0 = -1.0

const_axes__106 = -1.0

-50.0 <= labels:0 <= 50.0

softmax_cross_entropy_with_logits_sg/Reshape_1_shape__125 = [-1. 10.]

const_ends__84 = [1.00000000e+00 2.14748365e+09]

const_fold_opt__117 = 0.0

G_matmul_1/read:0 = 5.384328842163086

Sum:0 = 742.0933227539062

-50.0 <= features:0 <= 50.0

0.0003129482058595902 <= w1/read:0 <= 0.017415722626803073

const_ends__63 = 1.0

-0.13714390671340543 <= b1/read:0 <= -0.1279074581852762

-0.5829652874415667 <= bout/read:0 <= -0.5718820960575788

==========initial bounds==========

const_starts__83 = [0. 0.]

const_axes__57 = [0. 1.]

ConstantFolding/div_9_recip:0 = 0.09148554503917694

const_fold_opt__124 = 128.0

clip_by_value_3/Minimum/y:0 = 1.0

G_matmul_2/read:0 = 10.930688858032227

Sum_2:0 = 61.24787139892578

ConstantFolding/div_3_recip:0 = 0.1857241690158844

50.92799377441406 <= Sum_1:0 <= 152.42772674560547

const_fold_opt__119 = 10.0

-10.843863487243652 <= wout/read:0 <= 9.783926010131836

-50.0 <= div_1:0 <= 50.0

clip_by_value_2/y:0 = -1.0

const_axes__106 = -1.0

-50.0 <= labels:0 <= 50.0

softmax_cross_entropy_with_logits_sg/Reshape_1_shape__125 = [-1. 10.]

const_ends__84 = [1.00000000e+00 2.14748365e+09]

const_fold_opt__117 = 0.0

G_matmul_1/read:0 = 5.384328842163086

517.3438110351562 <= Sum:0 <= 742.0933227539062

-50.0 <= features:0 <= 50.0

-13.574722290039062 <= w1/read:0 <= 13.720768451690674

const_ends__63 = 1.0

-7.503066539764404 <= b1/read:0 <= 7.238015174865723

-9.42163634300232 <= bout/read:0 <= 8.266788959503174

