{
  "all": {
    "tot_start_points": 25,
    "tot_changed_nodes": 7,
    "average_shrinkage": 0.27987468425035644,
    "maximum_shrinkage": 1.0,
    "minimum_shrink": 0.0
  }
}

ConstantFolding/div_8_recip:0 = 0.07407886534929276

-0.031328937410889844 <= div:0 <= 0.031328937410889844

clip_by_value_1/Minimum/y:0 = 1.0

G_matmul_2/read:0 = 13.499126434326172

const_starts__81 = [0. 0.]

Sum_2:0 = 61.320743560791016

Sum_1:0 = 75.9279119520108

const_fold_opt__119 = 10.0

-3.594149283753321e-05 <= wout/read:0 <= 0.01197885745380817

const_axes__104 = -1.0

softmax_cross_entropy_with_logits_sg/Reshape_shape__124 = [-1. 10.]

const_axes__83 = [0. 1.]

-50.0 <= labels:0 <= 50.0

G_matmul_1/read:0 = 1.6422004699707031

Sum:0 = 639.5125781513281

-50.0 <= features:0 <= 50.0

const_ends__19 = 1.0

0.0005521040471230003 <= w1/read:0 <= 0.015974606594714714

ConstantFolding/div_2_recip:0 = 0.6089390516281128

-0.34083522438916414 <= b1/read:0 <= -0.3313201558598593

0.2849028379245359 <= bout/read:0 <= 0.2901073425487917

const_fold_opt__120 = 128.0

clip_by_value/y:0 = -1.0

const_fold_opt__122 = 0.0

const_ends__54 = [1.00000000e+00 2.14748365e+09]

==========initial bounds==========

ConstantFolding/div_8_recip:0 = 0.07407886534929276

-50.0 <= div:0 <= 50.0

clip_by_value_1/Minimum/y:0 = 1.0

G_matmul_2/read:0 = 13.499126434326172

const_starts__81 = [0. 0.]

Sum_2:0 = 61.320743560791016

63.43316650390625 <= Sum_1:0 <= 131.19537353515625

const_fold_opt__119 = 10.0

-9.433289766311646 <= wout/read:0 <= 9.741951942443848

const_axes__104 = -1.0

softmax_cross_entropy_with_logits_sg/Reshape_shape__124 = [-1. 10.]

const_axes__83 = [0. 1.]

-50.0 <= labels:0 <= 50.0

G_matmul_1/read:0 = 1.6422004699707031

512.2371826171875 <= Sum:0 <= 739.7173461914062

-50.0 <= features:0 <= 50.0

const_ends__19 = 1.0

-12.129912853240967 <= w1/read:0 <= 12.483916759490967

ConstantFolding/div_2_recip:0 = 0.6089390516281128

-7.928952932357788 <= b1/read:0 <= 7.256797552108765

-3.8656078577041626 <= bout/read:0 <= 4.44061803817749

const_fold_opt__120 = 128.0

clip_by_value/y:0 = -1.0

const_fold_opt__122 = 0.0

const_ends__54 = [1.00000000e+00 2.14748365e+09]

